0.5243621190669178,0.5242954172409819,0.525343334499769,0.5253180167510055,0.5241121726025394,0.5243706637872596,0.5245014346148442,0.5243616725899545,0.525815230570102,0.5249320925241432,0.5253138051426663,0.5248748043426079,0.5254070116608365,0.5268206644627416,0.5254936344015144,0.5255938276023753,0.5256408984878184,0.5252790152893515,0.5249458920957257,0.5247869671374682,0.5249164919795323,0.5248384614877085,0.5243500924139258,0.5244976893960538,0.5239403769112753,0.5239027617161183,0.5237122134752441,0.5232136850319956,0.5235949462912166,0.5234375897881145,0.5229411000417936,0.5225327547507261,0.5223409389518363,0.5221934141685725,0.5224535551670121,0.5223454380025017,0.5218844760646946,0.5215599824320705,0.521541793225533,0.5214408385083038,0.5212803280332,0.5212283463330181,0.5211943118676137,0.5211075798108263,0.5209990339175126,0.5209542570963084,0.5204552442159905,0.5203456132843726,0.5205084511181385,0.5205705404223296,0.520314702721443,0.5202469307987061,0.520154217578425,0.5200063987566514,0.5197256057380795,0.5198013340915466,0.5199646392767764,0.519966239078667,0.5198836144195575,0.5196818912340647,0.5196309391405214,0.5193673992637445,0.5194471629117754,0.5196918885872936,0.5199977901768977,0.5202948077446755,0.5203683151417231,0.5201263600192781,0.5200755366245501,0.5196737384732886,0.5195222557325874,0.5193130908100764,0.5192484275398394,0.5193420008331457,0.5193253234382622,0.5197047359055871,0.5198358759433177,0.5198494729191194,0.5197676831417641,0.5196004584822789,0.519537143886049,0.5194340098080787,0.5191024970363722,0.5188124972268116,0.518831949410824,0.5187210629844161,0.518605455523367,0.518288852796124,0.5179859188729958,0.5178089068578586,0.517562235539881,0.5170866435158822,0.5169771423417546,0.5168916633308744,0.5171113566981582,0.5169664610358561,0.5168561238265768,0.5166293101919671,0.5165975473892721,0.516506222688233,0.5161325857714405,0.5160438581240289,0.5162921161915182,0.5163182815045408,0.5165033326493591,0.5166443744980546,0.5167152395885839,0.5170244999501538,0.5164939698537325,0.5163380738416259,0.5162469439187458,0.5164792927869897,0.5165944032869026,0.517389757840345,0.5175733968190152,0.5180622741869625,0.5172270900525539,0.5171953407654695,0.5172695649528827,0.5179846184578282,0.5181590969879661,0.518088291396838,0.5180429037948242,0.5186288991499273,0.5182770210045903,0.5180086685770248,0.5180607685001918,0.5181357274162115,0.5180281187730824,0.5186795609864872,0.5188653035982262,0.5185986639641509,0.5190613911917249,0.5189825651699377,0.5189825651699377,0.518980134820928,0.5188713406051862,0.5187086644091194,0.5186424642384849,0.51863432829821,0.5187777955058701,0.5193824563828099,0.5193266517651771,0.5195808655278682,0.5198170259851189,0.5208650577602592,0.5210210582861234,0.5208152085090341,0.5207945905560827,0.5206304653836222,0.5211627907154395,0.5212250367338818,0.5213664208960507,0.5212609906784399,0.5208677221539348,0.5207086321122469,0.5205544541145901,0.5202921219984723,0.520331400828915,0.5206132564393748,0.5201853221115074,0.5198853057649757,0.5198506929107917,0.5198307158872829,0.5197833037424398,0.5195746954573365,0.5191903315181152,0.5193405146485672,0.519398624011437,0.51948510165863,0.519427810769058,0.519415397398052,0.5194698673535004,0.519484000692503,0.5194247162649919,0.5194903053674482,0.5205138794233215,0.5208793837292705,0.5209644186997914,0.5210096968265184,0.5208419262942998,0.5211321339679474,0.5211208014264094,0.5216693842993227,0.5215367766370544,0.5215061266142024,0.5214623421362266,0.5215498716137024,0.5215104104874311,0.521490993260832,0.5214449565255557,0.521595907475967,0.5215574150966407,0.5223417274835964,0.5224732418874478,0.5226302719311646,0.5228974229240907,0.5229258075286768,0.5227747124793306,0.522365116644995,0.5220854239166705,0.522074995028913,0.5219276425671111,0.5227189141355832,0.5225640554817366,0.5224439585373586,0.522477965599347,0.5223828166433413,0.5219442147022726,0.5217930575028341,0.5219769567861525,0.5219403632121791,0.5219919731984386,0.5227402381223214,0.5229600467271485,0.5228221152684264,0.5227724347613271,0.5227348856969272,0.5227555273112463,0.5227734904328358,0.522831940538422,0.5234480291304543,0.523432964484041,0.523458321646095,0.5233211968646398,0.5233417941189284,0.5234733092661854,0.5233587890314186,0.5232997214581442,0.5232546587297098,0.5230747825710457,0.5230468158102703,0.5229040998248518,0.5229273811223935,0.5227433563186392,0.5227433563186392,0.5231962088281795,0.5234210078792475,0.5234487967720026,0.523432123255043,0.5233170696379,0.5230971918341951,0.5231357433152242,0.5231121580126779,0.5229653674693456,0.5228339644179962,0.523015003495733,0.522918139561269,0.5224674640764566,0.5222987182139609,0.5223387100935456,0.5222944003481335,0.5223287760447084,0.5227918539219663,0.5230902209541435,0.5231770766777579,0.523390207203492,0.5233969107125854,0.5233415811267235,0.5232498702243908,0.5232774019587746,0.5239622088872748,0.5238278078490244,0.5233884404239584,0.5231297824493959,0.5227079266321026,0.5226894586456714,0.5225375007682163,0.5225188052693639,0.5225889232731247,0.5229753807076478,0.5231371388185988,0.5231262617795543,0.5230099681505902,0.5228521969506882,0.523162768767129,0.5231455285381549,0.523361170794594,0.5234058855854757,0.5239902200231454,0.5237872973275466,0.523568917184815,0.5238163693132376,0.523187384934824,0.52255179587813,0.5224114811278182,0.5224120632108571,0.5227494695454011,0.5236892823418349,0.5239036941565359,0.5236972527194337,0.523842437630526,0.5238970347820481,0.5238571715460012,0.5237333649223213,0.5236744639971025,0.5236808871741743,0.523921659971547,0.5240024692689623,0.524113987055228,0.5242477233044258,0.5243527191011446,0.5244442510325832,0.5243570407847118,0.5244899153259608,0.5248762831356446,0.5250143302869017,0.5252035056220716,0.5253062871789299,0.5253791138216579,0.5254082338507864,0.5254438619135211,0.525619985216934,0.5256593156361837,0.5257703091498023,0.5259639388970498,0.5260771065907621,0.5260786042114378,0.5261998966727968,0.5263269218542785,0.526329630955098,0.5263321186769926,0.5263249293499112,0.5266184635105439,0.5267577798407737,0.5269006281422441,0.5268739627400492,0.5266968347592866,0.5267606269390546,0.5267773781689447,0.5269011195493588,0.5272555387511431,0.5274720252753882,0.52743485276397,0.5275163277649172,0.5275341903830348,0.5274477914435586,0.5274568812729927,0.5273859273407842,0.5277680780805789,0.527691850205622,0.5278580135072689,0.5278739282535517,0.5279169501489009,0.5276668253078793,0.527403724839445,0.5273383168501222,0.5273976568954064,0.5285315689785494,0.5287933620390557,0.5287090731933665,0.5288300332033204,0.5290391466851475,0.5290028814651382,0.5290484006482775,0.5296199677573576,0.529797011172306,0.5309244840830178,0.5306119837510358,0.5304150954695088,0.5302981066417837,0.530095320041033,0.5298170892572749,0.5298617444522928,0.5297651663457152,0.5299894798414441,0.5299780597423256,0.5299385943101932,0.5299260086651272,0.5298776772937177,0.529745591979693,0.5296890346157876,0.529376203822673,0.529058030096974,0.5293551214847514,0.5291203125886339,0.5290014664855814,0.5288292021980872,0.5286029749312919,0.5282941655067531,0.5281124288864454,0.5280665458360826,0.5281132433809617,0.527955056600522,0.5279039929041891,0.528011204196818,0.5278004388051458,0.52778226957178,0.5276815934786381,0.5278221670963616,0.5278846439694942,0.5282623579545602,0.5281728725964387,0.5282249456773942,0.5282282330211026,0.5277652400965344,0.5276378330367775,0.5276255812797963,0.5275421826438678,0.5277847712345053,0.5277847712345053,0.5279651612624678,0.5280872219868019,0.5282471953008503,0.5285241754788853,0.5283576229288127,0.5279517862302512,0.527595742452131,0.5281634305263423,0.5280174256632453,0.5277238463428386,0.5279036974811454,0.527574438166303,0.5273881279084712,0.52733026938228,0.5274331647654269,0.527396859276817,0.5280866242205255,0.5280948384214431,0.5279614816009672,0.5280233244464256,0.5283038238457447,0.5284196270059274,0.5289419126515145,0.5288849560979352,0.5290088849147527,0.5287625415016479,0.5285836294038202,0.5285179943026802,0.5287300068927041,0.5287865957995772,0.5287732038041995,0.5287417503309024,0.5287825394619722,0.5286804270257099,0.5287022365446326,0.5288110637828654,0.528688285894989,0.5290416718223117,0.5290280308608153,0.5290274836749251,0.5289810595693389,0.5288734241007029,0.5289014809991677,0.5295064382821394,0.5293685659698675,0.5291310719373958,0.5290430779322884,0.5291991803525995,0.5290978619052467,0.5285662500400544,0.5281530931331648,0.5279445432680399,0.5275405264856865,0.5273742202173042,0.5273948587577086,0.5271245563935221,0.5268752227065729,0.5258957798102749,0.5253989243414134,0.5249511020187362,0.5246198964578688,0.5240091864816214,0.524132384051092,0.5238488735719595,0.5236064830874088,0.5238058347681613,0.5235624424910239,0.5233233643038879,0.5232018859938785,0.5230312326083919,0.5229485536742304,0.5229028317906814,0.5227060880903498,0.5235668335586847,0.5237371370452294,0.5237255394741663,0.5240468323867626,0.5242122862275538,0.5237337561497271,0.5235123976709489,0.5231495995416009,0.5231766202236023,0.5232820577681622,0.5231494925703635,0.5234221515871861,0.5237452549297303,0.5237384837301897,0.5235842032334449,0.5235445125211986,0.5235078866883653,0.5233562059179491,0.5232963089373281,0.5234455227239,0.5232079343681026,0.5234394575060664,0.5233968386964808,0.5231527063534691,0.5230420837709054,0.5232118316881429,0.5230387358381271,0.5225665946586282,0.5226481501029194,0.5223314209905827,0.5222556106054413,0.521880559057835,0.5217331085889982,0.5217904187695962,0.521837482914179,0.5218139534410566,0.521824583354646,0.5216887032213429,0.5213413293836426,0.5211089396268095,0.5209230679988988,0.5207936120808693,0.5208249500958204,0.5209548623370388,0.5210808164703447,0.5210384227538226,0.5209559332306498,0.5207183718258825,0.5205100436597425,0.5204526503737239,0.5204418240198587,0.5203012449888602,0.5203382240320257,0.5204257993696149,0.5204315716900559,0.5204543399883235,0.5204000479492616,0.520030234614268,0.5195863514899659,0.5194913403042125,0.519355102490038,0.519771461390437,0.5202155923851275,0.5202878547455938,0.5202848619679117,0.5208046876058827,0.5211275456342266,0.5208612742300478,0.5209845537897897,0.5208775738130137,0.520807877106082,0.520669559709876,0.5207276025747469,0.5208147668268934,0.5208292293778733,0.5210572956684472,0.5211502346452995,0.5208900014867337,0.5207899642257134,0.5208413651386569,0.5210895291328366,0.5213361394861173,0.5214928114892696,0.5211243562027879,0.5209401725225189,0.5211087807925879,0.5211356682021491,0.5214704360051242,0.521769879415215,0.5218085719756187,0.5219216968563913,0.5228431857540414,0.5227413732405843,0.5231389547714113,0.5228580342579354,0.5228033172092723,0.5228184877708902,0.5226578404297174,0.5226149552429687,0.5227142662513744,0.5233039071005923,0.5230487215129586,0.5225468664197002,0.5223541266940491,0.5221536871903191,0.5218639261873438,0.5215285056475976,0.5213299442347032,0.5214277485298608,0.5214841055495525,0.521594677410776,0.5214919443542751,0.5212956607335612,0.5214912325676918,0.5219120458696067,0.5221248702330866,0.5223233099980963,0.522392756951993,0.5224162791513627,0.5222548990609717,0.5222095723739201,0.5220729731736278,0.5218135707729614,0.5215701309965806,0.5214602711376801,0.5219164215120697,0.521777635272419,0.5215500518213874,0.5213515644471769,0.521063451839755,0.520987967030626,0.5212083764888362,0.5217293909673938,0.5217983164250701,0.5217840807147098,0.5219274313129687,0.5221174316818663,0.5214382882243587,0.5218375041103596,0.5218646173982261,0.5219609314806146,0.5220620071929831,0.5223806638772763,0.5226111298219205,0.5228138024120539,0.5230314592509151,0.5228088515105418,0.5228620829426148,0.5227907623819981,0.5226728710305607,0.5226704638903313,0.5225351506774847,0.5222846332127726,0.5223184987880016,0.5222841925682853,0.5221022894698446,0.5220513381904308,0.5226702502008189,0.5227450585855625,0.5224587883513891,0.5224677345658073,0.522443008756297,0.5222324789610947,0.5223730888781658,0.5226183622849743,0.5228729452770727,0.5227999247500388,0.5225161149687356,0.5222852541204719,0.5222830337085836,0.5221624614067657,0.5219821987439555,0.521969734197302,0.5228025494471913,0.5226714225364771,0.5226298678076231,0.5227284329234517,0.5226914893031325,0.5226198707276961,0.522745651396795,0.5228201954504954,0.5229473853446224,0.523187163037639,0.523263736993549,0.5233141608015058,0.5233174605461124,0.5227445257291816,0.522747604556864,0.522831290746898,0.522696951074289,0.5235977928363477,0.5232571549203908,0.5232325332011705,0.5232325332011705,0.5236280821508035,0.5233970247036493,0.5232449853482988,0.52316460168867,0.5230383852206318,0.5229546697697276,0.5233213821953443,0.5234272216401477,0.523637613682087,0.5236868352412329,0.5237344567746405,0.5236981773361247,0.5236365751873068,0.5235336502323823,0.5240041923490542,0.5237796737368166,0.5237171735485446,0.5240141759194809,0.5238960211318779,0.523748601134152,0.5237319974892028,0.5237254452775085,0.523943203661908,0.5238389740817305,0.5239696200114297,0.5235477337812626,0.5234643935591822,0.523306289781837,0.5231469095021243,0.5229304223569609,0.5227658559469158,0.5226628197897261,0.5227437739596554,0.5227987184105842,0.5227922293256368,0.522804717107504,0.5227560540677247,0.5229232672687475,0.523245703107426,0.5235811024471733,0.5236304250497795,0.5235921599277651,0.5235485920787488,0.5236976205470478,0.5242519327467398,0.5244044026672752,0.5243668914799378,0.5245345917100894,0.5244929104552414,0.5244748487938473,0.524554055608308,0.5246867805818682,0.5247117861167208,0.524890907533871,0.5250033447872404,0.525691473662304,0.5248002145819318,0.5246170239467977,0.5247037110130253,0.5246965988065896,0.5245381880582572,0.5245517625286191,0.5246494374718556,0.5248423575055221,0.5254765212851216,0.5259606799389126,0.5259113085469992,0.5261174459360318,0.5261858330967357,0.5262137629104868,0.5260341553819796,0.5258761424277972,0.5259500436815734,0.525952161279535,0.5258965251870084,0.5259993404486116,0.5260974621900907,0.5260883087588893,0.5261208718469521,0.5260399175893078,0.5261218638370544,0.5263805947039157,0.5259513662767452,0.5259916131210952,0.5259391319554234,0.5261801928540626,0.5262536283868785,0.5261960410512461,0.5259968738583265,0.5258576750717563,0.5258392744408396,0.5257207675797113,0.5258546878471275,0.5262171106948017,0.5262660788424568,0.5261312508728112,0.5261557942985522,0.5261322055563463,0.526253466989745,0.5264721875755063,0.526327908165541,0.5263671370138592,0.5263925742753824,0.5262734407725328,0.526275904712159,0.5263644311048161,0.5261623229776389,0.5260808351955414,0.525959144991024,0.5259534967995296,0.5260952715044297,0.5262851068749538,0.526161616390389,0.525890534063898,0.5255844289664364,0.5251869148649442,0.5246849342820582,0.5248427897949823,0.5248038700595713,0.5245582491283618,0.524765771630856,0.5247415768518742,0.5245139348489258,0.5246616772565292,0.524512258399578,0.5243793389549101,0.5246027758633532,0.5245251700149873,0.5244585233664172,0.5242047277062405,0.5240178526387976,0.5237099083476346,0.5235306291941688,0.5235227396668385,0.5235554773860633,0.5237425295522178,0.52359986758321,0.523568773900572,0.5230776606172916,0.5230910940393525,0.5230433120922993,0.5229018715286176,0.5231457754153185,0.523565766715578,0.5238920068274846,0.5240595747020065,0.5238985900705748,0.5237176082166184,0.5239648804289232,0.5240758945191414,0.5241066361493353,0.5243771209011197,0.5244939988942989,0.5245327889695336,0.5244968688821765,0.5245346716880478,0.5241902073088711,0.5234703512535205,0.5231974924485144,0.5230775553879758,0.5228888134273237,0.5229543924597371,0.522610175561937,0.5221028813772652,0.5220236729597436,0.521778614216731,0.5218967734694662,0.521502828312212,0.5215635112129585,0.5211839811855952,0.5205775832548483,0.5206106014174948,0.5209335645757436,0.5210045594054549,0.5209549375228939,0.5212987065521928,0.520076157701341,0.5200574388658293,0.5202467093017584,0.520506614059233,0.5210165668828675,0.5215216754193577,0.5226528565895708,0.5230296946273725,0.5236711201844437,0.523841196067244,0.5237464917261269,0.523551541467325,0.5234365407244465,0.5233230214481284,0.5239574895258952,0.5246386249606716,0.5246723928382844,0.5245578534800517,0.5249976506169771,0.5247686103071005,0.524182589149911,0.5237227842796365,0.5235292002885755,0.5235821492840691,0.5243278850966271,0.5239206043626743,0.5237752019106561,0.5235209115574367,0.5229737307405085,0.5226343750933359,0.5227020442890044,0.5228286690213165,0.5229377980651632,0.523338758616956,0.5232713372871849,0.5230248342689532,0.5228579378762255,0.5228395303834964,0.5225750207410185,0.5225545734694601,0.5227526256177863,0.5224901364626855,0.5222641969077959,0.5220607388414573,0.5220284053610934,0.52213121529432,0.5227562610561345,0.5229016284099548,0.5230377651629646,0.5230015002515408,0.5233092973458129,0.5231703770343735,0.5238382357154349,0.5238477977242264,0.5238270045089193,0.5237858304809534,0.5237854263347892,0.5238705823740071,0.5243039284928415,0.5244630630168352,0.5241031771052047,0.5238840084955811,0.5238197241155864,0.5236763440688772,0.5234824680003706,0.5238676198511212,0.5241032475089304,0.5239955987291638,0.5240875034117145,0.5240758627715523,0.5239728665252705,0.5239467880427314,0.5241762074227758,0.524330427234702,0.5241026076751261,0.5241136151405619,0.5239357745355575,0.5237572336532756,0.5237696508982375,0.5236431699398185,0.5234696999230967,0.5235695309267698,0.523606718532378,0.5236418798188965,0.5238634827689473,0.524049466265526,0.5238498905695836,0.5237787348197152,0.5235773759121454,0.5237915776115101,0.5237915776115101,0.5238130270133571,0.5238288622847277,0.5234820476254057,0.5231923156926523,0.5228311870986142,0.5226898884253495,0.5226589279843182,0.522600988071627,0.5226384401544586,0.5227555362159316,0.5225107000062181,0.5220153159700447,0.5212564345717812,0.5212600183614138,0.5207433173076879,0.5202157281818516,0.5195461146985284,0.5187422321217908,0.5178799695222341,0.5171061198976319,0.5165283764384259,0.5156967154973285,0.5149600345130476,0.5144999402086049,0.514171739012553,0.5139962213012039,0.5139629715692438,0.5136972423827411,0.5131866718026106,0.5127054828185559,0.5120392281268085,0.5119441875421784,0.5118615082416826,0.5116089743664903,0.5119298913040199,0.5122942989535828,0.5123812831538087,0.512474463038605,0.5127735935715888,0.5129262894130127,0.5129120961996894,0.5130410400523449,0.5130866732846351,0.5135511889239732,0.5141815671025343,0.5143371693146463,0.514165797014524,0.5140743334880327,0.5137760957205197,0.5134911897655374,0.5131250659778194,0.5131730252856056,0.5129985827637898,0.5128634461760474,0.5131262899548041,0.5144034125639334,0.5144023077998786,0.5142394985985081,0.514321380603422,0.514769807659619,0.5148185675506491,0.5150326289118089,0.5159279583883019,0.5160268371081476,0.5159970374879121,0.5164220344623942,0.5162655234319633,0.5162069670009977,0.516286375284075,0.5163834002429125,0.5164836644179561,0.5174069995866479,0.5171127043632257,0.5169879500572343,0.5173080471650764,0.5174850677957069,0.5182760757544376,0.5182647741679722,0.5183192884536427,0.5188551869764212,0.5195058132441697,0.5198497203659631,0.5208735364923124,0.5222156953769577,0.5231423852737878,0.5239733329192077,0.5236487712933119,0.5239836239617898,0.5246623636842758,0.5254251140666009,0.5254674762974002,0.5256190971957075,0.5258923890855941,0.5259145244113037,0.5259698057245383,0.5259465381344048,0.5261492728977681,0.5262497217001638,0.5262519078193452,0.5259290737590316,0.525800483195443,0.5257643454466132,0.5256345584100177,0.5257583525752445,0.5258280796884631,0.525684014474645,0.5256872145163634,0.5257365734223274,0.525515205206033,0.5260578885787139,0.526087493453136,0.5266090684201346,0.526312650825422,0.5262190723135811,0.5262708752763376,0.5261971683359253,0.5263110790760823,0.5262059185067325,0.5264544931099535,0.5268730238670986,0.5269049063821645,0.5281898550562157,0.5278705021145615,0.5279172755602908,0.5281141284393072,0.5283282149775059,0.5278873064955198,0.5276587076060901,0.5275018730779855,0.5275709474828993,0.5287659580617842,0.5285654705973348,0.5283790368031285,0.528129473167184,0.5277937536528808,0.5274475700756446,0.5273420190838249,0.5271401844930286,0.5271060622901833,0.5276123773515232,0.5275607731717442,0.5275325752485027,0.5275873616884912,0.5274395386944395,0.527529986567758,0.5272695464593367,0.5269964679212515,0.5272107771165402,0.5275089583067392,0.5273650006485147,0.5257861583525081,0.5256357741765365,0.5256285045382871,0.5251940761173434,0.5253214455100862,0.5249578239597015,0.524705296826987,0.5246179161904252,0.5244631468204313,0.5243237592587777,0.5243093368708193,0.524038348657992,0.5242160322054568,0.5239099768831872,0.5237187710360245,0.5234214099303719,0.5230063123721191,0.5229053138587617,0.5226231696032118,0.5224943296161496,0.5225655630629767,0.5229911031346673,0.5230436263491443,0.5230702405569124,0.5230955349135314,0.5230263324290343,0.522466488976495,0.5221396133797633,0.5218922688225984,0.5218481552706649,0.5225435339897364,0.5231424292490623,0.5230599245107073,0.5225470016884768,0.5219091405428729,0.5216672940988214,0.5214088869814113,0.5212473957965165,0.5212755165219987,0.5213157726612826,0.521641748931357,0.5217105314895981,0.521598299905564,0.5215328889509359,0.5214460848966558,0.5211559643462926,0.5202872243305685,0.520023537743733,0.519857077834836,0.5196591339150746,0.519167098747886,0.5197162089822747,0.5196089554083168,0.5197138365263968,0.5201202455377331,0.5199048637160606,0.5199829532028477,0.5202649851406433,0.5203299581015401,0.5203639870921948,0.5197966544584302,0.5199105064198397,0.5199359507801836,0.5207432851720805,0.5208609003244684,0.5208597185605087,0.5206108980171595,0.5198899013698991,0.5198334591018059,0.5197791275162413,0.5198861468353448,0.5198315051965671,0.5206800399233015,0.5205221866926044,0.5202734402456539,0.5200670591568292,0.5199606366379683,0.5195737232558427,0.5193544795405126,0.519273229195875,0.5191750817925929,0.5197421395644379,0.5204268325780456,0.5204821297885793,0.5205620600951051,0.5205812594210883,0.5208260590449176,0.5210359584858901,0.5216582622192145,0.5219347383638058,0.5220342910364737,0.5220968196425647,0.5226759210883192,0.5228666447194319,0.5226543102811314,0.5225362613739857,0.5222190868168042,0.5217567010833692,0.5212910006402613,0.5210687588913177,0.5203347296924906,0.5200420244875579,0.5198547267282586,0.5197715146393029,0.5200989552119326,0.5200492899513867,0.5195887162390151,0.5192985872641389,0.5191809925835034,0.5185409299110731,0.5184118656650657,0.518291782104536,0.5188340036385908,0.5194957215187871,0.5192272613773636,0.5188755469508737,0.5188755469508737,0.5187407846326895,0.5179764702739651,0.5177767249840762,0.5176459196876719,0.5172054890820338,0.5169499208466023,0.5170787042402862,0.5168992094271301,0.5173800209613824,0.5173160547355339,0.5172802776525568,0.5171406172599791,0.5174410691104816,0.5173038802801133,0.5171717801258771,0.5171971421051127,0.5170154820186061,0.5174040497489543,0.5175758484937389,0.5174375006324942,0.5178543954265551,0.5177664530854968,0.5176174983589747,0.5177937631823435,0.5180130005849337,0.5173361954908409,0.5170379447737057,0.516897573498754,0.5168978764283902,0.5179332175658089,0.5178659461406329,0.5177543652474677,0.51779834520437,0.5174028392080696,0.5167634963605325,0.5163824044260041,0.5163028471340361,0.5167542116763713,0.5170390743915038,0.5171502626754458,0.5172403598800817,0.5171249114124066,0.5168097810460295,0.51671285608875,0.5161611845727655,0.5162022538498123,0.5162556319980002,0.5162868977187003,0.5171213465662841,0.5164820391786151,0.5164869387855049,0.516627245756502,0.5165110653390367,0.5163933867858,0.5164446719266473,0.5166884544825414,0.5165532716201193,0.5162906206267868,0.5161241829795058,0.51615291080876,0.5165389635987501,0.5162600383803101,0.5164537392228683,0.5164583682764294,0.5157700107317349,0.5155129862392811,0.5153753127429948,0.5152375136355504,0.5152254097545396,0.5158499736475586,0.5160479985905575,0.5175754664411841,0.5172233160258841,0.5171255333055071,0.5169004224232037,0.5166596609799513,0.5161232611045563,0.5159892992746209,0.5160854631980725,0.5160609324098051,0.5166184035667007,0.5168428995808623,0.516948611066439,0.51705059478873,0.5164053986241554,0.5158757311669248,0.5155281539131098,0.515083141523631,0.5151624569121183,0.5160131417368626,0.5161370273662316,0.5167057318772935,0.5163979564487566,0.515716264842965,0.5154230054799489,0.5150643522646204,0.5138515426987769,0.5136052395183174,0.513291065548448,0.5131132063416273,0.5128105080476641,0.5126124598055521,0.5126444168391023,0.5124442989895912,0.5126089114316896,0.5122790910691163,0.5117798973619023,0.511481912552092,0.5104385775071432,0.5109312890994779,0.5107330651893169,0.5107984839283888,0.5112830249010978,0.5116098467820626,0.5110904881197608,0.5108687170292139,0.5106857309060008,0.510080106602461,0.5096006833395065,0.5095251437233,0.5095447928209262,0.5102130926935897,0.5106596032202092,0.5113062547413592,0.5109825454240072,0.5108671506494626,0.5109509541702566,0.5107687327472892,0.5106338773381247,0.5102634898764988,0.5098931585204747,0.5096527556849273,0.5104343913546647,0.5102824409095557,0.5103068529713353,0.510480864499413,0.5113724694129658,0.5110709550021555,0.5109812094052305,0.5108787846293461,0.5105168344278488,0.5112237420008139,0.5114693888658615,0.5117058542973818,0.5116866740818931,0.5126071544186932,0.5117554341264281,0.5111399214103242,0.5108019463935772,0.5105054321334537,0.5102358893572965,0.5102576612174722,0.5106147323751453,0.5105526372090063,0.5115064947078009,0.5114386575366099,0.5113175020981471,0.5114373853774373,0.5112109549957852,0.5110673655327874,0.5108239810564791,0.5105209864436406,0.5105244721817239,0.5102925157106636,0.5107759015596662,0.5110853479551376,0.5108932918083895,0.51076655255927,0.5105145946511921,0.5099743000731518,0.5097901739964675,0.5097545109364969,0.5097677845571845,0.5097520352277759,0.5099111548970644,0.5103339621259457,0.511006032756263,0.5108811642909395,0.5104945606581653,0.5103082222433127,0.5099729202968588,0.5094280781052679,0.5089390897436971,0.5082185398284087,0.5074524252843103,0.5075906136464226,0.5085715483073223,0.5090760306829281,0.5088628138102209,0.5090022970438315,0.5089599637133007,0.5089823902197568,0.5091818345486114,0.509026029408465,0.5088516581066889,0.5088869333391643,0.5090138235376105,0.5099624554559872,0.509878500809966,0.5095541101675138,0.5093439336960264,0.5093281473851488,0.508891921473154,0.5087587183458262,0.5086620633706482,0.5084467175673397,0.5085950413205158,0.5085024772093989,0.5085403293633082,0.5082480818280461,0.5082733379087233,0.5081466818002209,0.5080532801962512,0.5080088803151601,0.50831374679962,0.5084818010624987,0.5083218233066786,0.5083846250950781,0.5082103818926648,0.5081228295718982,0.5081348829156329,0.5082030143157076,0.508197473761516,0.5081446646139998,0.5083455533704437,0.5096458941967954,0.5094898603216621,0.5094483413844676,0.5092903239260017,0.5093052061593965,0.509012330326233,0.5088553396101805,0.5086929723472624,0.5085683911213379,0.5084622781849493,0.5090442266629993,0.5086378229847964,0.5085500368861844,0.5085543672231477,0.5083284316309231,0.5085904820166839,0.5088555564909228,0.5089671982312006,0.5092133458066342,0.5093208842742121,0.5092776446580253,0.5092559330402726,0.5091741578851412,0.5089580356452525,0.508904126683691,0.509486156535748,0.5093054067761417,0.5097400721115752,0.510088092533519,0.5100398241820284,0.5098780210101905,0.5098763162930613,0.5098814777127685,0.5098519353059529,0.509742267842314,0.5096168875845545,0.5097650604480846,0.5099924963494719,0.510234757793011,0.5107938029579979,0.5109005510936474,0.5109005510936474,0.5108668322075287,0.5110220010018127,0.51178672348856,0.511871158196157,0.5121049541363935,0.5120882874940249,0.512167599711274,0.5122231045238113,0.5124958699484862,0.5122096783879013,0.5123066732726533,0.5123830674463834,0.5120519550448157,0.5125134820576726,0.5119372707494885,0.5122197731713559,0.5121574527300892,0.5119814679567989,0.512476528437464,0.5117854102366715,0.5117101099854205,0.5116447305147482,0.5114307183893593,0.5115359590241959,0.5113460609500016,0.5112541646441324,0.5113527113312706,0.5115973081844374,0.511502487226099,0.5114551478735274,0.5115536371277333,0.511743659477292,0.5116653291758336,0.5117974265890126,0.5116846946605036,0.511905195781755,0.5120708604088317,0.5121600351411522,0.5129872451551211,0.5128178798529868,0.5127563053419637,0.51261957306214,0.5124728214328587,0.5123084213837055,0.5128672345351541,0.5125905270984299,0.512771251247856,0.5127239671164395,0.5127649765893598,0.5128074280653668,0.5128622981210743,0.5136825754415245,0.5136938474619926,0.5135891995344417,0.5134086016929232,0.5129784816253391,0.5126641371409542,0.5125894430426092,0.5123999572435047,0.5122302570901556,0.5124189468762418,0.5121258651793931,0.5120248842326351,0.5116312281721338,0.5116286018260656,0.511327271316011,0.511264037807541,0.5111279972353775,0.5120262388717642,0.5128063254422975,0.5127427215775329,0.5126968567566976,0.5117024657673614,0.511467658692971,0.5113620183061744,0.5112399311626152,0.5113939768346469,0.511553046033623,0.5114826183669313,0.511728149412751,0.5107996363349466,0.5104925342789262,0.5099085659822522,0.5094410799630769,0.5092871949554809,0.5089454745702257,0.5087356068573836,0.5085585269828258,0.5084535481918369,0.5083823954567586,0.5084017719469148,0.5084178561497741,0.5082766758125781,0.5081802501720452,0.5084298919704261,0.5084982618498493,0.5089131508562523,0.5086838195423257,0.5078001771938266,0.50771783508433,0.5077687163381887,0.5083862308868705,0.5083338670063331,0.5084056469915323,0.508116090782941,0.5077898970073644,0.5077114375324276,0.5076138050666565,0.5075991958467058,0.5079689859513745,0.5078696998062536,0.5078232459853417,0.5075268686004115,0.5076286783303062,0.507586473056502,0.507471661867698,0.5075434695840496,0.5080390872148637,0.5076957361010263,0.5073277076681804,0.507727217641617,0.507745398382948,0.5074304306191981,0.5073442474420735,0.5074660842456724,0.5074234687999492,0.5073948743849865,0.5070691034652139,0.5070246630589931,0.5069210473094201,0.5065510904743051,0.5067591273404339,0.5068372606860881,0.5069335966907,0.5072822681379611,0.5074574194498431,0.5072359396704083,0.5071772827424328,0.5071662131726002,0.5067938455882501,0.5072403630223619,0.5072809436798449,0.5074310580511242,0.5083218625904953,0.5085252082320999,0.5085370121541724,0.5087822282008336,0.5086646400635946,0.5084769488481085,0.5084431742023978,0.5083371281665161,0.5083425000194824,0.5084902711773096,0.5085481641651137,0.5084503956480696,0.5086484680611605,0.5087332096884989,0.5087946161342878,0.5090572419101707,0.5091121521256842,0.5087630931084844,0.508672172130839,0.5082142677165,0.508133545026536,0.5080829847180101,0.5081398878950467,0.5081548993781069,0.509175094916244,0.5090081137953696,0.5086256361481236,0.508453175357213,0.5086353215471661,0.508457851866121,0.5084513333509098,0.5083216169370071,0.5087045943048052,0.5087663886118812,0.5088562954141634,0.5088825965463212,0.5089712438395833,0.508706975660827,0.5087146472151944,0.5081576678765984,0.5077149480169811,0.5080813541892513,0.508011089087562,0.5080162720175452,0.5078325055474822,0.5070412839151612,0.5068709779765109,0.506865939511751,0.5065426674821518,0.5064227787171187,0.5062354348476712,0.5062086782799791,0.5067450810483182,0.5062470995147658,0.5060165300652167,0.5058535014960297,0.5059092131698404,0.5059647482457346,0.5063607331802603,0.5064290242033597,0.5063316390809929,0.5063116759418271,0.5062040804328742,0.5059429732501566,0.5054044408990057,0.5049331666484813,0.504258516764246,0.5033369705993442,0.502496863618069,0.5017172422534562,0.5011902261427112,0.5003726299352489,0.4996541150115516,0.4990794404111809,0.4987945845684102,0.4980646451344308,0.4980634524774439,0.497843215619949,0.4971620592861477,0.4970246525815024,0.4968596840708673,0.4967004120210947,0.4966711482482164,0.4966461870927502,0.4967236776009192,0.4965804235179963,0.4965433904138498,0.4967489090164558,0.4972097893561369,0.4973761886133391,0.4974466184513441,0.4981049577766133,0.4992515627835013,0.4997574622060221,0.4996695403789609,0.4997358414009293,0.4998307174102873,0.4998683163442203,0.5001343852258161,0.5004230634690854,0.5015688849123932,0.5013078202675036,0.5015760446582753,0.5013223306594248,0.5010044182545417,0.5008083571674664,0.5007136341785757,0.5012064504036603,0.5013392872781608,0.5019582950486294,0.5025431411695023,0.5026688508526138,0.5034218672862822,0.5037498602284709,0.5042093271944301,0.504299899561213,0.5046770977058521,0.5050856666438015,0.5055703770287631,0.5066751867572137,0.5070625557534516,0.5065001462397674,0.5062469807017526,0.5062469807017526,0.5054412400654748,0.5045031740321291,0.504010174781796,0.5032337117705059,0.5021202030301635,0.5015096347900425,0.5009921742474671,0.5008086072604709,0.5006100530984615,0.5008968983814267,0.5000079533996831,0.4995694950933265,0.4995140146811958,0.500112157237047,0.5007925835003442,0.5016873609206768,0.5022505115100614,0.502140963260661,0.5028429134954303,0.5030213520555332,0.5034775379338645,0.5038143314643208,0.5039004962210565,0.5038437530480011,0.5036687533660542,0.5037947326285258,0.504288637406664,0.5048030328935912,0.5044455575832594,0.5043911288553946,0.5041296226757992,0.5039107100845639,0.50396183441351,0.5044321062951437,0.5046220878845789,0.5053230610177208,0.5052258317486377,0.5054434183194806,0.5056889029705347,0.5058880673202426,0.5056368726227745,0.5054826741151359,0.5054169019989244,0.5050508725251226,0.5044497765809478,0.5044398898100554,0.5039561368809646,0.5038673038892241,0.5035337813140752,0.5030869106113229,0.5026542128538664,0.5027313596659071,0.5027577532636714,0.5025022720442911,0.502532921889181,0.5023753277364815,0.5025571180454341,0.5025299325670725,0.5024740499938629,0.5024589798163298,0.5025307868950009,0.5025207424554495,0.5030516451634498,0.5033708853051826,0.5037696337139558,0.5042069593608457,0.5041875600398934,0.5044537410524971,0.5044066710698586,0.5046173021886762,0.504388261637841,0.5043349479062528,0.5045206947201126,0.5045063119219863,0.5048156788255808,0.5048258450709201,0.5052118478739148,0.5050419692554644,0.5049768207077753,0.5050008577013531,0.504851992729232,0.5048886793474452,0.5051240470134777,0.5054792719797353,0.5056176628450475,0.5054737677368,0.505566732098047,0.5050074300495889,0.5048108309181072,0.5045660332093682,0.5040947532393503,0.5032855663437155,0.5019503234164557,0.5015817904156848,0.5013448428114107,0.5005397343481549,0.4998122983118974,0.4991014765653092,0.4984179407849635,0.4977232390146555,0.4970634397723412,0.4961363719950585,0.4954125797487336,0.4944780270464314,0.4939731528890535,0.4932948877430669,0.4923849339121837,0.4919125227307891,0.4912092786118124,0.4900901688229492,0.4888250135993006,0.4882319320419644,0.4876727987375793,0.4868516403379539,0.4868090621729101,0.4855924603726603,0.484900392244402,0.4848969443484495,0.4845476536954237,0.4841865852605635,0.4841220460951878,0.4835161964789655,0.4829147829816332,0.4829101169068531,0.48163963111399,0.4810047544047515,0.4801857751497819,0.4792583300032665,0.4787436211578951,0.478018670650344,0.4768276444053199,0.4755650541421143,0.4737945183468854,0.4728229935992533,0.4720812142963286,0.470613150570442,0.4698934859743663,0.4690742932583743,0.468332546159057,0.4681906744935108,0.4672862802466919,0.4664326133605487,0.4661354687746198,0.4649146096830225,0.4646511425992075,0.4645146131482879,0.4639665769777464,0.4638721251652266,0.4636438531605252,0.4635065366275003,0.463407945348573,0.4630406510278575,0.4630388233909137,0.4630282939988744,0.4628475547679647,0.4627779972558759,0.4627313269440276,0.4626441472030501,0.4631542119619704,0.4626544352200215,0.4621168297763277,0.4617846483428106,0.461333296109222,0.4610116667219605,0.4614406200156284,0.4609351056496849,0.4603445565099213,0.4601610855660614,0.4596828428752138,0.4591895874860795,0.45884934746473,0.4583570802415776,0.4578399352420258,0.4576414884265607,0.4576593310961603,0.4572244210125835,0.4569541694361308,0.45585818821394,0.4557816578530175,0.4557554228565589,0.4555387362446232,0.4553906553760279,0.4551645489415344,0.4550301281181096,0.4549938075631478,0.4542412611913105,0.4541658462975369,0.454173849913416,0.45374291661747,0.4537955427877195,0.4537137141934793,0.4533788313614869,0.4525380720456951,0.4522404194435096,0.4516284909653363,0.4515065349425593,0.4514003851639624,0.451201131476082,0.4510904369612616,0.450903923754304,0.4506806221777942,0.4503959113560855,0.4505394127926906,0.4506141584625088,0.4507230601990864,0.4506074320365459,0.4506922071887765,0.4508995025448472,0.4508999140574919,0.4507261828954526,0.4504585124234493,0.4505048709402654,0.4512599189778423,0.4516836949978963,0.452616760561644,0.4524287546596353,0.4524356184484973,0.4522399080302873,0.4521764229957533,0.4522259785779783,0.4521483883786495,0.4520931294223358,0.4521827194839332,0.4518604224326498,0.4514665422050143,0.45061066222638,0.4499681338448763,0.4495813628423766,0.4492089606695852,0.4488038244647069,0.4480153612767719,0.4477503071950363,0.44726228396613,0.4470751534030623,0.446801821355836,0.4466352315282699,0.4467600429061772,0.4471872175888151,0.4474471311426489,0.4477579721616753,0.4479021222023682,0.4477500658609917,0.4476655512443818,0.4475563257303053,0.4474618547047798,0.4476553842955496,0.4476280713965151,0.4476012188471442,0.4476272580589335,0.4476347927318005,0.447668406490842,0.447778941612044,0.4483173313187425,0.4482464170552046,0.4480332403083321,0.4479913441211049,0.4481748276724647,0.4481767063023308,0.4480312364147163,0.4476054552610294,0.4473696504395885,0.4466222864615687,0.4463336638935846,0.4460285079413393,0.4458449614255911,0.4457096909365142,0.4457096909365142,0.4455077942998702,0.4453313521122075,0.4452084456100914,0.4449443900629527,0.4448399898086472,0.4447974656615555,0.4447117721965595,0.4446300225847524,0.4447310191948768,0.4446097356845534,0.4445736689293567,0.444712934329863,0.4452672442358492,0.4454711355948929,0.4453690240084527,0.4452183851197838,0.445247044883419,0.4452534758650163,0.4453693664734907,0.4454641169321546,0.4452815706905855,0.4448633284809221,0.4445483521214592,0.4444692678248322,0.4437698984843789,0.4434736732843923,0.4434901877226399,0.4434667709927859,0.4440113233877764,0.4447125310621501,0.4454194483814648,0.4456398875147945,0.4457120335663136,0.4455594734314402,0.4457771098699969,0.4457625668881892,0.4463094124576185,0.4461151919510195,0.4463314451164584,0.4464172794527996,0.4463874341593922,0.4460541952100471,0.4460421736878924,0.4459336693939463,0.4458056930163533,0.4458459322790113,0.4458868915453429,0.4456594667732665,0.4457431189321766,0.4457463540221925,0.4456505194623009,0.4456614382949515,0.4454824462896836,0.4452693227608626,0.4452192874209545,0.4455449489829934,0.445421556530567,0.4454230431059484,0.4457472229938559,0.44581153620299,0.4458717151736104,0.4459165454634312,0.4460818648748931,0.447719573714283,0.4483859549770536,0.4481357741442814,0.4487022711383407,0.4488429730331058,0.448899880550445,0.4489294513003721,0.449085059767325,0.449019134207496,0.4485768995158399,0.4484656865460678,0.4482383528122103,0.4482437526735534,0.4494217464460367,0.4494543848019809,0.4489673723905453,0.4487475764966733,0.4485291930027604,0.4486344263115693,0.4483578279760841,0.4481863627167151,0.4484454241976217,0.4486032771925113,0.4486523952003461,0.4488048471929447,0.4488126815125179,0.4488119699899442,0.4489103250397352,0.4488278382207494,0.4487167331909136,0.448788534634207,0.4499428482775678,0.4508059470772938,0.4509529147750484,0.4509781420945767,0.4519120356581326,0.452392044608774,0.4527916553411737,0.4536473362279017,0.4539347957466932,0.4544223231537289,0.4549346542370472,0.4550502981536626,0.4557596688875048,0.4554315037333989,0.4553299463527663,0.4554467458652468,0.4564358719416783,0.4567894893849697,0.4573467056295706,0.4570307788793664,0.4570471069361063,0.4571977810283403,0.4575163654333501,0.4586664693390148,0.4583074311828373,0.4583294084681738,0.4585066886611514,0.4587115411047281,0.4586394042738813,0.4586832225894325,0.4586490068391624,0.458600509119943,0.459453027358388,0.4594042782407863,0.4592977253323406,0.4592424952913306,0.4594741726829052,0.4592643507698752,0.4591690086622684,0.4591050163435113,0.4590742663217687,0.4591882541685638,0.4592342903028852,0.4591950088909432,0.4589570782407135,0.4588277443029822,0.4585557494336045,0.4582593895963741,0.4583380125400709,0.4585702121195412,0.4583906385716706,0.4583444171080073,0.4584111007449631,0.4581855314456686,0.4578463042259382,0.4575859850899174,0.4573445941737143,0.4572095195567098,0.457281372388156,0.4572016489041652,0.4571620960295543,0.457274611779343,0.4572379154775146,0.4572087964801159,0.457413746055013,0.4576491253346087,0.4579806288441556,0.457859439565033,0.4577173106592179,0.4576852134766418,0.4577370253288456,0.4578720478216344,0.4581111156410956,0.457945549037165,0.4577540631352889,0.4575452103394823,0.4571111193552026,0.4569334049975176,0.4567898603914798,0.4568917636895906,0.4574812520154527,0.4572602474707767,0.4569199198689704,0.4567577372829844,0.4568273541300702,0.4567565026494752,0.4567613884407221,0.4567943780196178,0.4570023009358069,0.4568134606003501,0.4565976653405436,0.4567077050038992,0.4564933710043066,0.4564217504055653,0.4562620556483509,0.4561799733137647,0.4562733978171288,0.4568110922893788,0.457305422941082,0.4571611666561767,0.4572072116073448,0.4570833046945645,0.4573467182346555,0.4571062537483223,0.4570224339453331,0.4571631705785669,0.4574973184940999,0.4578039264143649,0.4582232452239466,0.4584047279814284,0.458396987154398,0.4590183575883939,0.4588495971834664,0.4587669333038536,0.459119299835345,0.4597566392402705,0.4598910528446825,0.460603121367842,0.4602400958134047,0.4600533343529641,0.4602207874651716,0.4602033076085168,0.4604411153637821,0.4602155390842813,0.4601916368767548,0.4600698688740559,0.4599273912201794,0.4598728332183769,0.4598085789592224,0.4598980945648203,0.4598846751650887,0.4597991120809553,0.4602332521264197,0.4603452137870125,0.4604172598256089,0.4604301550313941,0.4602197694353067,0.4601762623893939,0.4600088218870004,0.4601597552117489,0.4601118947184207,0.460035079110072,0.4600544498625143,0.4597518258321038,0.4595337192501423,0.4595662702311015,0.4594852433877799,0.4595012154288033,0.4593920710615303,0.4593156189096823,0.4595446920125625,0.4596504317871099,0.4598359293578671,0.4600680697007703,0.4609439150073873,0.4618588439338406,0.461799306958871,0.4616866197448386,0.4618676195539279,0.4619402118468408,0.4619193980624646,0.4618947614836268,0.4620062808749461,0.4625666504846935,0.463315233548194,0.4631338974671083,0.4632757196388921,0.463604947304495,0.4639484333988816,0.4639551309101239,0.4637617688655649,0.4636198360470032,0.4636198360470032,0.4634118849231519,0.4633655829095016,0.4634724055877544,0.4650056151024361,0.464954689559278,0.4651983227390095,0.4657306383223284,0.4657408920167638,0.4661701367668005,0.4664485220776013,0.4670356321559729,0.4669459813546457,0.4678433086598118,0.4684231968546862,0.4684754161442213,0.4691184107550945,0.4694180931410165,0.4694513097102626,0.4710222381337554,0.4715821955200107,0.4726049751528655,0.4740539038288145,0.4750277620178675,0.4758912119587742,0.476209389566155,0.4765594041968675,0.4768431941248624,0.4769820108965011,0.4768577108207913,0.4771542563346544,0.4771946885117585,0.4773951792369285,0.477742204796501,0.4777423522593971,0.4779446128663042,0.4782236024826227,0.4783562415112474,0.4782619933654868,0.4781494408119601,0.4781280115190914,0.4780915754510334,0.4780303102336415,0.4775284847443947,0.4770906396597664,0.476904536105851,0.4768470761994429,0.4769547083475166,0.476723358709513,0.4762376385429164,0.4756075896609077,0.4753501204661141,0.4750883141998212,0.4751575529658977,0.4757128750491683,0.4756304677752201,0.4753851165771416,0.4753245295360827,0.4752973573169414,0.4750714010738082,0.4748546721208088,0.4744181384385847,0.4740443284994577,0.4744905030615337,0.4743863528282059,0.4742212546878579,0.4742614950626221,0.4738124350299522,0.4736979199091224,0.4738572257725527,0.4738460641057668,0.474087700502553,0.4749579603398403,0.4749155488598843,0.4747194503633805,0.4747128957044125,0.4747480456380584,0.4745820299621334,0.4741992713422591,0.4740674246028953,0.4739822062049862,0.4734549007397141,0.4735173772136327,0.4734513070110075,0.4732964354567732,0.4731109364753167,0.4730670384444611,0.4729828775841695,0.4729519528352431,0.4731163525396468,0.4732159277149442,0.4731762875347834,0.4730168865944745,0.4729616226755565,0.4728696781811465,0.4724496427476568,0.4722099928495916,0.4721416419229691,0.4723338173502211,0.472891197330221,0.472857739903992,0.4729849557626473,0.4729627828868044,0.4732421006183702,0.4733628517221516,0.473270287902103,0.4736829110264459,0.4736851731526388,0.4734274658175869,0.4735682864071667,0.4738425163719046,0.4736725153736132,0.4740529440885609,0.4737578831573745,0.4735888165846446,0.4735802767758846,0.4741698940801254,0.4740982258217849,0.4740204397623931,0.4740131019937551,0.4738562899022138,0.473064609475592,0.4726641415627816,0.4721068012769369,0.4714740928522786,0.4709690822856236,0.4702454352820833,0.4698477591675265,0.4695460681298909,0.469522732949842,0.4694025805390094,0.4693977268714722,0.4692687805566521,0.4691299682166771,0.4694566255920773,0.4701540303615525,0.4709039590126472,0.4712046878290321,0.4713981550402635,0.4714907205320551,0.4720588407879577,0.4718635639916233,0.4719326175787443,0.4725057562108559,0.4725281845616975,0.4724554625218676,0.4724569073500504,0.4723127180833982,0.4730147174678007,0.4728436860328101,0.4727496418400093,0.4729825157676247,0.473057235476074,0.4729306411559943,0.4729379182049777,0.4729739916732782,0.4729874944345085,0.4729789578183853,0.4729883844429758,0.4730609991299255,0.4731277228625754,0.4730280585892266,0.4731855298380192,0.4740187167576839,0.4742503695592233,0.4757914124247616,0.4756313340973298,0.4754649659866216,0.475966017127359,0.4762382588157251,0.4768119185196164,0.4769951983522148,0.4771547222829324,0.4771823033255378,0.4773104546246323,0.4778729152314517,0.4779192307695383,0.478951943084511,0.4782871989573695,0.4792062113553372,0.4792348519243934,0.4800476606041401,0.4821381272927962,0.4821937097211999,0.4826797069882209,0.4837173999540544,0.4835429885915618,0.4844268315196887,0.485189995352444,0.4851245663863923,0.4852923983207103,0.4858064883814573,0.4857973480474079,0.4857551768076836,0.4859312745854878,0.4856213473782915,0.4854157534377235,0.4851938736679095,0.485009135330553,0.4847225232452918,0.4845049167955154,0.4833442944069819,0.4831169723870283,0.4823508663697093,0.4817325349591386,0.4815099079906482,0.4811514840212728,0.4810681465095822,0.4803134209249358,0.4799081762132721,0.4794614695623961,0.4790185247985409,0.4790333388014473,0.4789701404564703,0.478824860816743,0.4789277854825465,0.47900416442647,0.4793116540953017,0.4794966320170263,0.4798686413284732,0.4796026645078459,0.4793981971967938,0.4794451854438532,0.4795710925718504,0.4796879307354184,0.4797943169992248,0.4797862836197548,0.4798790015739421,0.4799251384393042,0.4800037724133321,0.479967327198472,0.4798078196054828,0.479573757495858,0.4790461991647437,0.4786998447915088,0.4783423468025934,0.4783849766934928,0.4788794259131546,0.4789387431520615,0.4785381244823008,0.4782277586158128,0.4769942429715905,0.4770192829773768,0.4770754137161855,0.4769897105611172,0.4771237227378593,0.4772048751055037,0.4774233337195834,0.477525633524878,0.4773271189341355,0.4771034126491342,0.4771384692295644,0.476897274308114,0.4771551620768467,0.4773832011702484,0.4780698746302657,0.4780411563940077,0.4777402059200129,0.4776255635922683,0.4777625003379495,0.4780692666067855,0.4777661872988736,0.4783778244509751,0.4785534473854214,0.478372674945743,0.4784536828589782,0.4778737896514698,0.4778737896514698,0.4776100787350638,0.4775313124581372,0.4773091999542469,0.4773026772281891,0.4771493885690189,0.4769386311515979,0.4771983124165433,0.477032093837036,0.4772458130002045,0.4773207369018624,0.4777786081138904,0.4778471460151381,0.478681881795474,0.4787979401827629,0.4786299816194123,0.4787047363228679,0.4787845916715144,0.4784338183873182,0.478321571195314,0.4778741437998335,0.4777367748060405,0.4776997055493382,0.4778086994534151,0.4776065315139449,0.4775307819334778,0.477403391504575,0.4777420782703271,0.4781177620533662,0.4778697783221302,0.4775540702565675,0.4773950526887002,0.4774188860746168,0.4773901746589108,0.4771751666544492,0.477634929993768,0.4776702693478593,0.4773756266815481,0.4774098482821285,0.4773194059119763,0.4772934714910116,0.4785271881588154,0.4783736485712395,0.4783766824377461,0.4782199158467195,0.4786861141567167,0.478696312419002,0.478866482015022,0.4794016208129771,0.4794194994521977,0.4796488522281906,0.4803358759225547,0.4800202746107891,0.4809141217494539,0.4808907267850612,0.4804104811903082,0.4804091250510007,0.4806320135962766,0.4811983374575651,0.4814719251183796,0.4815117158589614,0.4816171767459806,0.4811777019730857,0.4811551141440544,0.4810446167610054,0.4805132354419775,0.4805128021189528,0.4801232556174969,0.4796582933221998,0.4791535495011597,0.4783332321349466,0.4783167745553985,0.4781577222516021,0.4780123997593249,0.4780750472904679,0.4779847126530587,0.4779148804432298,0.477890505278018,0.4787449151870013,0.4786261773720043,0.4787574727480118,0.4792334615135172,0.4802126383290847,0.4805876007377973,0.4803402535613652,0.4805360992045228,0.4809801420733915,0.480878592608007,0.4809854926532972,0.4808646115326648,0.4809134861597757,0.4808847122367674,0.4809490840406126,0.4808304991265088,0.480868904354305,0.4808984525048262,0.4808611635372806,0.4804777457635135,0.4805008991157495,0.4805194301205581,0.4804279556132768,0.4806089122973835,0.480822811762067,0.4810012403026312,0.4808280542566886,0.4807667102016268,0.4807957730809916,0.4814071633368059,0.4816797561480604,0.4821953687360137,0.4827462689005552,0.4828114232747335,0.4829604038222456,0.4831955806372627,0.4835038131149886,0.4831083609541607,0.4830765152195853,0.4827537706068587,0.482229685457776,0.4820970958272894,0.4820383237048687,0.4815274279735873,0.4811761176664009,0.4806767138303025,0.4800572042738876,0.4792557477507213,0.4789627813152333,0.4785945149616474,0.4777963524936017,0.477700469857224,0.4777906313034511,0.4772549775599295,0.4770336599018409,0.4767279436382894,0.4763934835189074,0.4762568966238629,0.4761928973338123,0.476256258489472,0.4768802333832042,0.476990309792721,0.477528168119034,0.4784104180837201,0.4782650192585485,0.4781984299380177,0.4793005290285763,0.4806094441746474,0.4812607187530479,0.481253782595015,0.4819995147202636,0.4826404505577136,0.4830922425308083,0.4837733459677927,0.4846956925639886,0.4861311302725252,0.4869871334034593,0.4881140287730302,0.489854630950877,0.4908191059254184,0.4928788992556431,0.4946237232477875,0.4962952692405188,0.4971204574897433,0.4990061618679036,0.5008839536673435,0.5024298533261391,0.5036056527402512,0.5040977295425411,0.5050560854306212,0.5057494014718517,0.507377891322116,0.5079497695300288,0.5088101694356477,0.5097864627078885,0.5116752178354623,0.5145445260200332,0.5169498240199176,0.5209269361432388,0.525153791724109,0.5291154867759675,0.5325463826361332,0.5368965312791512,0.5399832194673124,0.5425528238731996,0.5447090496305302,0.5462136168569478,0.5479918135974058,0.5486722896337812,0.5496988158778634,0.5506199206959381,0.5509874361806093,0.5515221433149866,0.5516780249651282,0.5520122262263361,0.5526702544981005,0.5529833063144747,0.5531553955017643,0.5534174773835401,0.5534983385785808,0.5530496978995151,0.5536550197999799,0.5531199626611241,0.5535576554983497,0.5544849491110262,0.5538543881098523,0.5540927767344385,0.553925981716121,0.554935318728595,0.5555126431288736,0.5560949211898822,0.556316272577165,0.55583117055118,0.5564068509587762,0.5567826500294546,0.5569001846602829,0.5568154613623668,0.5570992068720231,0.5576361367158205,0.557289266715942,0.5572359931370515,0.5568761651557425,0.5566309957075797,0.5567619533870394,0.5561818318102247,0.5557387739843032,0.5557007535141703,0.5554244718202073,0.5549939737377129,0.5552342897078972,0.5546948367116344,0.5545447158004062,0.5547673192946692,0.5542951845883713,0.5539986695569479,0.5542577988240449,0.5542155070649208,0.5540688801830532,0.5537119430817543,0.5534890778549213,0.5532191997195111,0.5532900628741326,0.5532267280803732,0.5535340939893543,0.5533636235800001,0.5534729619658675,0.5530166363297929,0.552882513272753,0.55337009548473,0.5530125593240958,0.5525966856550404,0.5527343686202283,0.5523203348208992,0.5522087942269378,0.5519268931127744,0.5523533821310563,0.5523007390208466,0.5522568949455933,0.5514141801417534,0.551358648463712,0.5511806268891914,0.5499490216547033,0.5497895899391181,0.5494791376690128,0.5494385482944204,0.5490776917926891,0.548577200011464,0.5480332679805099,0.5486687337969696,0.5486687337969696,0.5480478151999955,0.5474548389490834,0.5473654421493792,0.5471470617439883,0.5472682108025057,0.5472536598561837,0.5471900366778921,0.5472308396872076,0.5473381476446674,0.5470397129767184,0.5472257804591243,0.5468405211465734,0.5465146246852421,0.5468643524769914,0.5471466679417354,0.547206527893257,0.5473100279993776,0.5467084722057123,0.546345421962131,0.5461394216595775,0.5464870090455105,0.546134292799231,0.5460368034518722,0.545909036594377,0.5461386618734716,0.5462947954873936,0.5460364519600025,0.545826981770775,0.5466994230533547,0.5464109899395597,0.5463794249018844,0.5464130295905825,0.5463978899645123,0.5462125136983444,0.5464663750623875,0.5464218761687063,0.54615130992607,0.5460022287058908,0.5458980540625137,0.5459233981533,0.5458164373664322,0.5458352255208826,0.5457467618043947,0.5458512122492116,0.546794435513899,0.5470097470454838,0.5469054652203353,0.5472039480817434,0.5465416922368065,0.5462297003517295,0.5458663130067469,0.5456616432657406,0.545984080477834,0.5458362909666762,0.5462990204145203,0.5460235533687531,0.5456796430909567,0.545783138277022,0.545822491806764,0.5458696320510981,0.5458726821858249,0.5457901627558006,0.5457399813386099,0.545740002184242,0.5456490242495443,0.5456028952135418,0.5456311316158378,0.5458157103569986,0.5458350180430387,0.5459421886327297,0.5460106606588631,0.5462467389753509,0.5463637749151306,0.5466187268660282,0.5467318439978361,0.546934668886114,0.5470052313717192,0.5468377937168076,0.5471336048266797,0.5474853543087481,0.5481923208645333,0.5482201092643972,0.5484818337548862,0.5483341364598833,0.547433430873034,0.546656677087935,0.5470354588352339,0.5470260207590754,0.546843769519723,0.5467271334859443,0.5470919722204619,0.5471934803530838,0.5473047034482708,0.5477180094260147,0.5478149498084977,0.5483048025591883,0.5482017553451415,0.548529224361068,0.5483808368826729,0.5484656871172753,0.5481557953428537,0.5482328357488877,0.5482083207930879,0.5482810753870424,0.5481868065760218,0.5484136754412019,0.5481691414716461,0.5481433559573955,0.5482028457483925,0.5480043760605617,0.5479559505493676,0.547885466606254,0.5484451016046635,0.5485132337898018,0.5485279603086723,0.54870918169396,0.5486158995188806,0.5487412076097156,0.5487054351184641,0.5486789146615417,0.5485174339441281,0.548380255162121,0.5487620632590418,0.5487620110722528,0.5488784317017308,0.548846180330731,0.5485805076040249,0.5483944729781731,0.5482998178355764,0.5482580397101733,0.5480155648178019,0.5479335297156169,0.5480203733813498,0.548085390959177,0.5482126608060167,0.5480899044320279,0.5480107800532475,0.5477948784850083,0.5476831123367235,0.5483577245628923,0.5481189330158217,0.5481033010786769,0.5478785052830196,0.5479980700331847,0.5479360292872282,0.5479866114553935,0.5481072874574004,0.5484346317306765,0.5474420596683262,0.5472641556821157,0.5473919210803161,0.5476541538265745,0.5476557653309405,0.5477607804216185,0.5477265743869693,0.5473891620068123,0.5476260216610276,0.5477622376467441,0.5475335793470412,0.5474936165854392,0.5472880861564382,0.5473049597552485,0.5470931314113534,0.5470208325334126,0.5472593483877699,0.5476436233928027,0.5473729760243852,0.5469217084065554,0.5470923102942732,0.5464555030298113,0.5462625871520044,0.5458091317629133,0.5455941527902531,0.5455548867472793,0.5459672503114084,0.545661470540677,0.5454108530774646,0.5451752589554828,0.5446199767293705,0.544324908310459,0.5441817639235405,0.5440582384500369,0.5438106866665594,0.5439565432699291,0.5440272839578855,0.5438768785007504,0.5438218631142923,0.5438617235249543,0.5440686859958691,0.5441488849108881,0.5442505718772257,0.5441986056381911,0.5443778321678099,0.5444686299886647,0.5444803276755692,0.5443954307798515,0.5443673277236928,0.5444859045864228,0.54430465381118,0.5443335285096278,0.5443580251517929,0.5443425411164917,0.5442723406648315,0.5443893532122804,0.5439282734939415,0.5438116438423328,0.5435479730307811,0.5434548214785591,0.5439403368823508,0.5440130053974399,0.5436891177366927,0.543491183551879,0.5434332986814197,0.5432293922327349,0.5431407691486392,0.543144488365251,0.5435819661124397,0.5439109587637512,0.543990685867233,0.5439138236273341,0.54399340496794,0.5440262759507367,0.5438592569693166,0.5441968020454016,0.5441941950412486,0.5441729341256445,0.5442298635146385,0.5441528111080876,0.5436292020154623,0.5436880850214663,0.5436327534642994,0.543365961974408,0.543696389191334,0.5434310151017406,0.5434551269510934,0.5434756565790062,0.5430640470633377,0.5428652891704511,0.5429339283422335,0.5430601615955293,0.542727032400882,0.542622509122576,0.5429499272446978,0.542741859851933,0.5428079787108966,0.5423675049215223,0.5422096668592239,0.5421983994415919,0.5424747825313894,0.5425935320607977,0.5424302111238235,0.5423760038928285,0.5431004974364741,0.5430306048543272,0.5427884701441613,0.5426569722413649,0.5424830932651186,0.5432763590040383,0.5433864203840202,0.5431913645267715,0.5432661735106501,0.5433028625556925,0.5432342741483869,0.5431159524168248,0.5431159524168248,0.5429437712837457,0.5428471841256579,0.5431133744649519,0.5431745204022672,0.5433050276757042,0.5432878783280781,0.5428581274012925,0.5430543202651783,0.5430608029478171,0.5429986074559413,0.5428567591791077,0.5425426914139154,0.5424687091568637,0.5426369624590923,0.542521673241668,0.5426713017518393,0.542744947494343,0.5427569885125999,0.5425592350339465,0.5424415455106089,0.5421574574687057,0.5421215611971998,0.5421143349078086,0.5423683580901992,0.5424961650550028,0.5425690214977616,0.5425177834553212,0.542821533837794,0.5426346723136493,0.5426250415026128,0.5427766395267153,0.543849847084173,0.5435434942051012,0.5438277036386394,0.5435515622100923,0.5435728031483839,0.5434336510975635,0.5434267972074371,0.5433779513116866,0.543302574527559,0.5439606402999951,0.5440401891483588,0.544093082723166,0.544207997538926,0.5440603414313947,0.5439633522626737,0.5441067276663576,0.5441905308572401,0.5443471206969372,0.5447991766294996,0.5447652093650824,0.5446665453527884,0.5445035747572526,0.544438178558264,0.5444391495077578,0.5444656160162602,0.544452434248069,0.5443273059506561,0.5443419378748474,0.5443724782175852,0.5443385688237512,0.5443249213245613,0.5442599384567745,0.5442456495783543,0.5439967677444795,0.5438149276424545,0.5438557626700006,0.5437638611693196,0.5436038297971492,0.5435283730703939,0.5434893746036129,0.543400048806316,0.5434909259144646,0.5437112901242166,0.5435502446134641,0.5436605620101449,0.5436458356582029,0.5435952795893244,0.5438969384774264,0.5438561638188517,0.5435265126369934,0.5433618329196378,0.5432716234689349,0.5431528451007821,0.5430100818187017,0.5432230908777744,0.5433405665816882,0.543226803921022,0.5431615972553512,0.5431988133306325,0.5431699833098174,0.5431855474581007,0.5432095637134067,0.5433384815544939,0.5435084711273024,0.543436908181681,0.5433025818966268,0.5430454138660663,0.5430248748487614,0.5429691981801392,0.5429172282672918,0.5430610380579517,0.5430641252855852,0.5429239089680119,0.5427988487769885,0.5427062818382743,0.5429254633547261,0.5430348613350364,0.5432220667759653,0.543341014956799,0.5433147139853788,0.5433305392802794,0.5437031083089943,0.5432362597780986,0.543064061526814,0.5427690569402814,0.5426322771965166,0.5426360164202043,0.5425542219490533,0.5425728245488808,0.5426668638086052,0.5428927996697319,0.5429647124154501,0.5430784267798268,0.5432173761457179,0.5435454416875722,0.5431535174106382,0.5429419858368726,0.5429584105542453,0.5427832727300872,0.5425354875409383,0.5423807485598422,0.542538195386793,0.5423375841192467,0.5425050485002895,0.5428664254026058,0.5428708539686693,0.5434488440687189,0.543300451772653,0.5432929596584115,0.543077291933201,0.5430357214450585,0.5431723342811102,0.5431583818080448,0.5430968174834127,0.5430504524518566,0.543311163023823,0.5435728971326798,0.5434080801994612,0.5434307540065292,0.5432834853631385,0.5431127389249196,0.5427012070136042,0.5425676991545433,0.5425856303132826,0.5425594546737113,0.5425420358148931,0.5425230199981804,0.5426755453819081,0.5428029503264492,0.5425888692038363,0.5425709706612261,0.5425568186085761,0.5439906335356354,0.5441883031418238,0.5442245660231312,0.5442872152324623,0.5441865528693203,0.5438267442849137,0.5437671085189797,0.5433572911941739,0.5432074140554517,0.5439954029860218,0.5436651273111797,0.5435950340026436,0.5443782746338766,0.5437520080551683,0.5439229223214491,0.5439221523186957,0.5435386107864661,0.5439047616263109,0.543914949012291,0.5439430279035289,0.5441218506526588,0.5436906675771153,0.5436251200553416,0.5436373026758243,0.5436219859764329,0.5441280087042658,0.5447139525470357,0.5446574379553857,0.5446364347017374,0.5448745425914525,0.5446221052462982,0.5446357739767582,0.5444823622822743,0.5441112738495932,0.5438403266925397,0.5441349085891438,0.5441546333133781,0.5441532982739502,0.5440524687269169,0.5441471645808219,0.5440396398928279,0.5438313218452471,0.5436084373994527,0.5433438115741303,0.5433699924847359,0.543246457884362,0.5433943428722874,0.5434695342535275,0.5436163703353102,0.5438017821137536,0.5438350899006443,0.5436828015489494,0.543814481617191,0.5437748575309347,0.5435459857360229,0.5437223173391547,0.5438151906696844,0.5440775545220565,0.5443142716731686,0.5442902435598118,0.5443374783461123,0.544299220160905,0.5442232401167839,0.5447688974474898,0.5449904780432651,0.5452568606528377,0.545366556173797,0.5455069771710688,0.5455491908353698,0.5454311854233103,0.545262035943662,0.5453205034078188,0.5452135895095906,0.5449253178354531,0.545030769720042,0.5453173030997588,0.5453633796395708,0.5453542579506928,0.5452965065417783,0.5450481715087034,0.5448532873240731,0.5451799158490722,0.5449442058139481,0.5450388771759476,0.5455519559149941,0.5455774267710809,0.5455837879451928,0.5455301647447376,0.5454281603552031,0.545352471032917,0.5454383150570055,0.5452463836506987,0.5450610177455216,0.5447508271136692,0.5452149790408793,0.5452801832522114,0.5453590887111768,0.5452910989988665,0.5450874874068926,0.5449828589974376,0.5448500033551832,0.5446156587307565,0.5445891015850064,0.5448753894678036,0.544872326530477,0.544872326530477,0.5448324778761728,0.5449396629473128,0.544513412076356,0.5442754706034004,0.5440208097216412,0.5438366003508693,0.5438970356702335,0.5444653517226665,0.5445346510537246,0.5449915517992883,0.545147990962842,0.5449300870066904,0.5447439139686732,0.5446630593572624,0.5445481201233717,0.5445898955597583,0.5445343018697395,0.5446175626564036,0.5445135122662523,0.5443803288627453,0.5443655034729333,0.5443177453353178,0.544352020335744,0.54448056273801,0.5444581649755418,0.544117904953347,0.5441224013676668,0.5441831808902358,0.5438484699851688,0.5439845969383968,0.5441158388144617,0.5442919499614922,0.5441886594163514,0.5439881096413459,0.5431127577745996,0.5424858132865066,0.5415731646051933,0.5416359381111888,0.5418935416552321,0.5416365723914646,0.5419442371978415,0.5416133356317702,0.5411447213833722,0.5407776084308078,0.5406642013551425,0.5402762527432583,0.5406751435247834,0.5401617413276074,0.539802867660489,0.5397416510165992,0.5388088095178146,0.5385675316202074,0.5382096607331744,0.5378430945826194,0.5375087870266344,0.5371051550963305,0.5364739036216105,0.5358986500580416,0.5355729083356823,0.5349242214766199,0.5340262606457196,0.533485958506336,0.5329709129227669,0.5328749372157386,0.533081024098069,0.5332175928605486,0.5334459821705175,0.5334015186891385,0.5333202732214515,0.5332534926602939,0.5331075442714855,0.5327854897131991,0.5325824592165931,0.5324603393151054,0.5322556911791732,0.5327469955234558,0.5329745049127818,0.5329771828835939,0.533463590435652,0.5332340986931106,0.5334066410720266,0.5335670235679757,0.5339281889673799,0.5339808849199494,0.5344531071179727,0.5343776708920569,0.5344497067132397,0.5346197695834158,0.5346773430443154,0.5344914344325868,0.5346724748893936,0.5347181517806423,0.535264557528938,0.5354858961339604,0.5356071070822375,0.5359995486127556,0.5352860845684564,0.5349619076598736,0.5349376381134824,0.5350779295293318,0.5351502558596346,0.5362286878318241,0.5359943900075304,0.5357665473614803,0.5358339627311102,0.5354675455823626,0.5355808052850028,0.5352611902027876,0.5349089999233771,0.5351614880093968,0.5350789766000279,0.5346397108393327,0.5343196838078159,0.5339056240337268,0.5338740138181024,0.5338730246055776,0.533862225515975,0.5340943767879169,0.5343642048176775,0.5342067717719017,0.5340911928569874,0.5336753169629416,0.5333486040424673,0.5331783679699446,0.5325927081728918,0.5335839506675304,0.5339460335161033,0.5339194094610471,0.5344262337704888,0.5341032156266077,0.5342064902984114,0.5341175282880563,0.5338168704739593,0.5338052999876949,0.5338409158362154,0.5339875599220872,0.5346179365013596,0.5344768714712766,0.5342527526597726,0.5343636128416596,0.5341840863979417,0.5340546503189321,0.5345460174633277,0.5342603878439108,0.5339855559676612,0.5344861957930606,0.5343809046120922,0.5343032390322214,0.5341632219615461,0.5344998104181289,0.5350117309050153,0.5345257556883714,0.5344162700012862,0.5345576540133594,0.5341781859525507,0.5341269408345282,0.5343297841585338,0.5342873395870633,0.534150639063534,0.5341848972444522,0.5341403510793974,0.5339209687564358,0.5339055002381424,0.5336461597271087,0.5335057062968799,0.5332727320719538,0.5334891971351878,0.533501907789085,0.5334207042755217,0.5333775376017319,0.5332920008933657,0.5333097876518609,0.5337080569972223,0.5339704131155252,0.5339394143568341,0.5338063513753922,0.5338055159524422,0.533697912693379,0.5338359107717483,0.5337547812244192,0.5335408504671859,0.5334660111966985,0.5338820516929068,0.5340370626258462,0.5339189288337733,0.53390698425975,0.5339949405836504,0.533809773382995,0.5337939613080671,0.5338227222819562,0.533934839612429,0.534137802339542,0.5345983817088689,0.5347283085574578,0.5348565706175001,0.5348172251349094,0.5347701676475931,0.5346882382915654,0.5347298417716809,0.5346307691095098,0.53480088869807,0.5355214233218816,0.5359215843084884,0.5364619863200559,0.5363737376480782,0.5362529399947153,0.5366151869463068,0.5365371591198592,0.536876617499474,0.5366663636343675,0.536517709459359,0.5370106895403441,0.5365750355926652,0.53623216899399,0.5363153327787786,0.5359932720116729,0.5353416099848658,0.5353973553412277,0.5353900905012523,0.535383794404968,0.5356943896725329,0.5358053225560762,0.5359050142194468,0.5358504351768847,0.5354974459553589,0.5358102057112792,0.5357502132683049,0.5356120087065533,0.5365175894706259,0.5362790642748541,0.5360843816351162,0.5360691004294886,0.5358903349709361,0.5359511323810396,0.535906877437401,0.5356750346810293,0.5357438536047321,0.5364040736399394,0.5366114344473346,0.536742547554174,0.537291196748138,0.5370915107505668,0.5368283403372288,0.5366622825724595,0.5364059516006832,0.536517185658643,0.5368460342609157,0.5366572310869284,0.536521022698949,0.5368795016277643,0.5368450205799955,0.5367814543489343,0.5367458220649002,0.5367009219323029,0.5367877576041813,0.5367224149817353,0.5366601613371531,0.5366649914240921,0.536633195861198,0.5367290455329666,0.5368508827767994,0.5369906614170472,0.5370233912069057,0.5368868596788257,0.5368618650285335,0.5368618650285335,0.5363656737469558,0.5361032836715633,0.5359305798391534,0.5359118115269067,0.5367271931427791,0.5361581075509639,0.5356942663958594,0.5356122920365285,0.5355215890936722,0.5355439688217936,0.5355014080404265,0.5354532532516153,0.5358647736737739,0.5358930443163933,0.5356993874207485,0.5358001611059253,0.5354466142230591,0.5353504787897438,0.5347124340013687,0.5348606180990492,0.5352131582833997,0.5352506940819266,0.5363709441567128,0.5353984672691428,0.5356520841048473,0.5355234566953989
